31963
24994
24441
25616
24378
23075
21446
22009
24621
23888
20883
21344
22196
21718
22533
21227
21387
20636
22089
22194
22461
23248
24978
20911
22748
23585
25766
24486
23961
22362
21175
21462
23010
21743
20601
18848
14645
20775
23789
23817
29074
33075
37880
36158
38330
49333
44189
37080
35266
39212
39207
40773
41963
34994
29364
31055
36322
31601
29159
29398
33427
31465
27619
28625
29943
28916
30586
28371
29181
27195
29203
29741
30291
30925
33796
27956
30968
31374
34366
33068
32572
30052
29078
28959
31611
28931
27517
25592
20219
27948
32544
32081
39652
43957
50429
48546
51626
65816
59595
49668
47863
52095
52188
54665
56443
46802
39937
41679
49263
42003
38864
39582
45125
42123
37623
38456
40805
38442
40757
38220
39494
36461
39723
39936
41266
41106
45014
37670
41864
42409
47016
44779
44714
40340
39136
39376
43127
39139
37845
34768
28174
37522
43777
43557
53894
59259
68524
65502
70227
88227
79997
67106
64888
70155
70880
73696
76677
62768
53675
56408
66763
56642
53039
53500
61522
56502
50578
52093
55438
51874
55573
51677
53983
48921
53389
54075
56056
55441
61273
50940
57156
57438
63765
61141
61254
54939
53911
53736
59408
53016
51367
47607
38891
51130
60186
59389
73965
80218
92845
89159
95746
119683
109156
91227
88829
94950
96030
100238
104467
85262
73569
76764
91364
76680
71909
72932
83978
76791
69381
70930
76052
70234
75335
70467
73785
66541
73182
73609
76887
75056
83041
69471
78074
78802
88040
83957
84711
75092
73789
73949
81892
72767
71115
65483
54186
69892
82354
81666
101762
109898
127733
122202
131794
163467
149198
125124
122051
130007
132081
137324
143698
116483
100621
105382
125512
105068
99156
100052
115730
104919
94905
97419
104611
96269
103833
96687
101816
90928
100093
101076
105751
102852
114352
95328
107671
108689
121518
116293
117532
103877
102681
102402
113948
100372
98197
90836
75468
96711
114484
113036
141328
151539
176216
168995
182412
225658
206595
172922
169287
179249
182208
189833
198816
160914
139656
145717
174055
144884
136837
138471
160275
144979
131779
134744
145254
132759
143281
133835
141102
125699
138929
139783
146825
141830
157777
131961
149171
151587
170032
162263
164587
144593
143029
143041
159301
140018
137592
126853
106076
134625
159447
157833
197388
