31963
24994
24441
25616
24378
23075
21446
22009
24621
23888
20883
21344
22196
21718
22533
21227
21387
20636
22089
22194
22461
23248
24978
20911
22748
23585
25766
24486
23961
22362
21175
21462
23010
21743
20601
18848
14645
20775
23789
23817
29074
33075
37880
36158
38330
49333
44189
37080
35266
39212
39207
40773
41963
34994
29364
31055
36322
31601
29159
29398
33427
31525
27677
28689
30015
28992
30670
28456
29272
27288
29308
29852
30409
31052
33940
28082
31110
31220
34205
32922
32435
29929
28967
28851
31502
28833
27429
25517
20164
27875
32467
32010
39572
43875
50344
48473
51559
65742
59539
49631
47836
52076
52169
54645
56422
46785
39922
41663
49245
41987
38850
39567
45108
42186
37637
38426
40728
38326
40585
38020
39241
36188
39386
39546
40822
40608
44415
37134
41220
40908
45321
43100
43013
38723
37531
37732
41288
37408
36158
33162
26875
35682
41587
41349
51106
56099
64823
61867
66283
83099
75264
63085
60942
65729
66302
68751
71416
58277
49733
52179
61630
52149
48775
49048
56323
51630
46070
47327
50213
46793
50017
46314
48278
43508
47335
47818
49429
48663
53665
44430
49750
48270
53441
51114
51094
45571
44677
44306
48922
43325
41881
38736
31632
41238
48482
47596
59169
63688
73499
70386
75385
93678
85277
70966
69005
73157
73713
76639
79590
64533
55595
57636
68415
56916
53207
53769
61700
56083
50560
51281
54841
50052
53455
49785
51939
46366
50879
50757
52914
50977
56159
46807
52403
50335
56137
53096
53535
46742
45804
45704
50468
44266
43289
39507
32867
41400
48622
48006
59570
63483
73598
69830
75147
91858
83494
69721
67821
71253
82188
84303
87526
71891
63279
65470
75743
64271
61214
61096
68990
62566
57360
58292
61651
56673
60272
56252
58689
52455
56538
56687
58701
56406
61529
52486
57962
54974
60092
57643
58085
51556
51204
50491
55121
48589
47721
44734
39107
45942
52608
51449
61749
63902
72372
69397
73867
87239
80614
68438
67273
68919
77820
79729
82331
68955
62367
63465
72168
61742
59217
59355
65664
59983
56300
56376
59450
54390
57137
54252
56181
50817
54407
53866
55845
52941
56762
50174
54344
51548
55814
53329
54097
48123
47822
47559
50997
45700
45538
42753
39188
42972
47696
47129
54472
55659
62330
59789
63638
72236
67698
59482
58917
59763
66817
67765
70316
59765
55182
56438
62995
55117
53947
53606
58854
53783
51257
51768
54273
50227
52896
50334
52407
47514
50312
50366
52083
49589
53075
47742
51491
48464
51795
50397
51224
46408
46831
46181
49411
44478
44501
42847
40397
42897
47118
46235
52458
52414
57649
56174
59372
65606
62806
56078
56304
56013
61599
62796
65031
56553
53669
54197
59937
52884
52130
52319
56662
52364
51044
50996
53609
49490
51736
50175
52057
47853
50709
50302
52311
49387
52302
48519
51748
48990
52294
50729
52041
47238
47723
47649
50490
46171
46835
45045
43710
44772
48330
48062
53357
52974
57883
56240
59503
63651
61528
56486
56927
56345
61588
62134
64637
56714
54491
55380
60383
54201
54229
53938
58200
53680
52733
53143
55577
51786
54316
52560
54789
50308
52859
52967
54911
52095
55208
51559
54944
51656
54610
53732
55100
50658
51720
51204
54281
49634
50349
49260
48358
48915
52624
51942
57160
55882
60283
59318
62404
65665
64483
59657
60698
59247
63982
64921
67374
60096
58802
59138
64192
57811
57989
58187
62206
57867
57682
57598
60411
56099
58501
57391
59631
55288
58216
57866
60259
56790
59735
56913
60208
56903
60218
58980
60869
55908
57019
57004
60047
55480
56780
55339
55166
54723
58259
58088
63116
61602
66295
64969
68465
70528
69605
65619
66839
65159
70199
70633
73572
65884
64842
65613
70579
64294
65119
64861
69278
64278
64262
64641
67541
63147
66064
64577
67347
62305
65229
65355
67880
64251
67704
64582
68373
64286
67602
66882
68945
63862
65582
65124
68700
63375
64780
63850
63939
63166
67235
66627
72149
69746
74456
73636
77296
78971
78743
74429
76285
73711
78802
79697
82846
74983
74626
74948
80496
73382
74358
74569
79194
73922
74571
74511
78050
72758
75818
74806
77827
72472
76049
75741
78930
74367
77989
75327
79395
74959
78957
77800
80545
74489
76388
76391
80273
74551
76638
75260
76014
74293
78595
78443
84338
81559
87038
85774
90193
90986
90931
86983
89164
86194
92107
92607
96534
87501
87307
88115
94134
86442
88128
87921
93403
86998
87847
88259
92225
86377
90249
88765
92604
86068
89995
90147
93775
88653
93141
89913
94882
89276
93678
92932
96117
89377
92067
91647
96450
89441
91839
90846
91926
89763
95037
94454
101447
97551
103614
102743
107780
108324
108956
104289
107330
103211
109791
110824
115371
105273
105750
106215
113447
104170
106193
106456
112726
105423
107039
107078
112110
104791
109225
108086
112595
105097
110107
109864
114557
107995
113145
110067
115858
109340
114912
113677
117910
109509
112694
112717
118366
110239
113607
112088
113988
110657
116760
116601
124750
120072
127592
126214
132595
132317
133238
128473
132217
127260
135420
136202
142075
129716
130464
131499
140045
129180
132193
132100
139974
130730
132787
133338
139418
130727
136527
134826
140725
131198
137180
137411
143142
135269
141937
137985
145408
136961
143641
142721
147959
137896
142317
141957
149262
138886
143035
141771
144309
140118
147989
147418
157712
151335
160407
159312
167163
166567
168388
162387
167546
160808
170707
172170
179478
164535
166155
167017
177928
164115
167940
168360
178104
166786
169979
170272
178297
167005
174203
172695
180128
168395
176337
176252
183908
173539
181837
177596
186926
176431
185273
183799
190907
177816
183435
183539
192788
179876
185681
183780
187626
181639
191524
191372
204352
196277
208180
206494
216920
215352
217864
211026
217761
209199
222207
223690
233519
214165
216440
218077
232009
214600
220127
220319
233240
218291
222546
223483
233894
219532
229320
227103
237205
221646
231899
232369
242386
229103
240342
234671
247234
233153
244617
243336
252727
235915
243825
243640
256182
238947
246618
244782
250070
242217
255624
255121
272518
261384
276931
275376
289162
286965
291010
281932
291412
279601
296680
299216
312331
287155
290911
292746
311610
288275
295759
296629
313837
294233
300588
301530
315923
296424
309520
307253
320887
300368
314614
314962
328929
310740
325829
319016
335974
317288
333221
331278
344510
321567
332353
332753
349793
326826
337831
335142
343005
331825
349988
349975
373589
358629
380219
377921
397204
393558
399353
387896
401074
385135
408923
411898