48
61
176
74
39
60
55
21
25
31
10
25
19
18
29
27
20
17
7
9
22
25
13
17
43
8
17
13
41
19
15
11
12
16
20
16
27
37
42
13
26
28
23
156
75
28
75
37
57
34
57
67
62
22
27
41
28
27
74
29
36
45
19
38
26
27
40
37
29
26
15
17
30
36
19
23
60
15
28
22
55
28
22
16
19
25
32
26
37
52
58
18
37
41
36
212
100
40
101
50
79
49
82
94
83
32
38
55
40
40
104
43
48
62
27
51
37
39
59
53
40
38
22
23
42
51
31
35
79
22
39
30
74
40
34
25
25
35
44
34
50
70
79
28
49
55
48
269
130
55
134
68
100
65
104
118
107
44
53
74
51
52
130
54
62
80
39
67
46
50
73
65
51
49
32
33
51
64
39
43
96
30
52
40
88
50
42
30
32
45
56
45
58
83
93
33
58
66
61
308
147
64
152
77
114
76
121
136
119
51
60
82
58
61
148
63
68
89
44
73
53
58
84
74
55
55
36
35
57
70
46
50
100
34
55
42
93
55
49
36
34
48
59
46
62
88
99
38
59
69
62
305
147
67
154
80
112
76
119
132
117
53
63
83
56
60
141
60
67
88
47
73
50
56
79
69
53
54
39
37
52
67
44
46
93
34
55
42
83
52
45
32
32
46
57
45
54
78
86
33
53
62
58
261
125
59
131
67
96
67
104
113
97
46
53
68
48
53
119
53
54
72
39
58
42
48
68
59
42
45
32
29
43
55
39
39
71
29
43
32
65
42
39
29
25
36
43
33
42
60
68
29
38
47
43
187
92
46
99
53
69
51
77
82
72
37
45
54
36
41
88
40
43
57
35
48
32
38
52
44
34
37
29
27
33
43
31
30
56
25
38
29
49
34
31
22
22
31
39
30
33
48
53
23
32
40
39
147
71
38
78
42
56
43
65
68
57
32
36
43
31
36
75
36
34
47
29
38
28
34
47
40
28
32
25
22
29
38
31
29
45
23
32
24
42
32
31
23
18
28
33
25
29
43
49
23
27
35
34
121
61
35
70
39
47
38
55
57
50
30
36
40
27
33
64
31
31
43
30
37
24
31
41
34
26
31
27
24
25
35
28
26
41
24
34
26
37
30
28
21
19
28
34
27
26
40
44
21
26
35
35
110
54
34
63
35
44
38
54
55
45
30
34
36
26
33
62
32
29
41
29
34
25
32
42
35
24
31
26
22
26
36
31
28
38
24
32
24
36
31
32
24
18
29
33
25
27
41
46
24
25
35
34
102
52
35
64
37
42
38
52
52
44
31
37
39
26
34
60
31
30
43
33
37
24
33
42
34
26
33
31
26
25
37
31
28
39
27
37
28
36
33
32
24
20
31
38
29
27
42
47
25
27
38
39
104
52
37
64
37
44
41
57
56
44
34
39
39
28
37
65
36
31
45
35
37
27
37
48
39
27
36
33
27
28
41
37
33
40
30
39
29
39
37
39
29
21
35
40
31
30
47
54
30
29
41
42
107
56
42
72
43
46
45
61
58
49
39
46
46
30
41
70
38
35
51
42
44
29
41
52
42
31
42
40
33
31
46
41
35
46
36
47
36
42
42
43
32
26
41
49
38
33
53
59
33
34
48
51
120
61
48
79
48
52
53
72
68
54
45
52
50
36
49
82
46
39
59
48
49
35
49
63
51
35
49
46
38
37
55
52
44
51
43
54
41
50
51
54
40
30
49
57
43
40
63
72
42
39
57
59
136
72
58
95
59
60
62
83
78
64
55
65
62
42
59
96
54
47
71
61
61
41
60
74
60
44
60
60
48
44
66
62
52
63
54
69
52
59
62
65
48
38
61
72
56
48
77
87
51
49
71
76
165
86
72
115
71
74
78
105
98
77
69
79
75
53
74
120
69
58
88
75
74
52
76
95
77
53
75
74
59
56
84
81
68
77
68
86
65
75
80
85
64
47
78
90
69
62
99
113
67
61
91
95
205
109
92
147
92
93
99
132
122
99
89
104
99
66
95
151
88
75
114
100
98
66
98
121
97
70
99
99
80
71
109
104
87
100
90
114
87
96
104
110
82
63
103
121
93
80
129
146
87
81
120
128
267
141
121
191
120
123
132
176
163
128
118
137
129
89
128
203
119
98
151
132
128
89
131
164
132
93
132
131
105
96
147
143
119
133
121
153
116
130
141
151
113
84
139
163
124
109
175
200
120
109
163
173
358
191
166
262
165
165
180
237
220