31963
24994
24441
25616
24378
23075
21446
22009
24621
23888
20883
21344
22196
21718
22533
21227
21387
20636
22089
22194
22461
23248
24978
20911
22748
23585
25766
24486
23961
22362
21175
21462
23010
21743
20601
18848
14645
20775
23789
23817
29074
33075
37880
36158
38330
49333
44189
37080
35266
39212
39207
40773
41963
34994
34441
35616
34378
33075
31446
32009
34621
33888
30883
31344
32196
31718
32533
31227
31387
30636
32089
32194
32461
33248
34978
30911
32748
33585
35766
34486
33961
32362
31175
31462
33010
31743
30601
28848
24645
30775
33789
33817
39074
43075
47880
46158
48330
59333
54189
47080
45266
49212
49207
50773
51782
51963
44994
44441
45616
44378
43075
41446
42009
44621
43888
40883
41344
42196
41718
42533
41227
41387
40636
42089
42194
42461
43248
44978
40911
42748
43585
45766
44486
43961
42362
41175
41462
43010
41743
40601
38848
34645
40775
43789
43817
49074
53075
57880
56158
58330
69333
64189
57080
55266
59212
59207
60773
61782
61963
54994
54441
55616
54378
53075
51446
52009
54621
53888
50883
51344
52196
51718
52533
51227
51387
50636
52089
52194
52461
53248
54978
50911
52748
53585
55766
54486
53961
52362
51175
51462
53010
51743
50601
48848
44645
50775
53789
53817
59074
63075
67880
66158
68330
79333
74189
67080
65266
69212
69207
70773
71782
71963
64994
64441
65616
64378
63075
61446
62009
64621
63888
60883
61344
62196
61718
62533
61227
61387
60636
62089
62194
62461
63248
64978
60911
62748
63585
65766
64486
63961
62362
61175
61462
63010
61743
60601
58848
54645
60775
63789
63817
69074
73075
77880
76158
78330
89333
84189
77080
75266
