31963
24994
24441
25616
24378
23075
21446
22009
24621
23888
20883
21344
22196
21718
22533
21227
21387
20636
22089
22194
22461
23248
24978
20911
22748
23585
25766
24486
23961
22362
21175
21462
23010
21743
20601
18848
14645
20775
23789
23817
29074
33075
37880
36158
38330
49333
44189
37080
35266
39212
39207
40773
41963
34994
29364
31055
36322
31601
29159
29398
33427
31525
27677
28689
30015
28992
30670
28456
29272
27288
29308
29852
30409
31052
33940
28082
31110
31220
34205
32922
32435
29929
28967
28851
31502
28833
27429
25517
20164
27875
32467
32010
39572
43875
50344
48473
51559
65742
59539
49631
47836
52076
52169
54645
56422
46785
39922
41663
49245
41987
38850
39567
45108
42186
37637
38426
40728
38326
40585
38020
39241
36188
39386
39546
40822
40608
44415
37134
41220
40908
45321
43100
43013
38723
37531
37732
41288
37408
36158
33162
26875
35682
41587
41349
51106
56099
64823
61867
66283
83099
75264
63085
60942
65729
66302
68751
71416
58277
49733
52179
61630
52149
48775
49048
56323
51630
46070
47327
50213
46793
50017
46314
48278
43508
47335
47818
49429
48663
53665
44430
49750
48270
53441
51114
51094
45571
44677
44306
48922
43325
41881
38736
31632
41238
48482
47596
59169
63688
73499
70386
75385
93678
85277
70966
69005
73157
73713
76639
79590
64533
55595
57636
68415
56916
53207
53769
61700
56083
50560
51281
54841
50052
53455
49785
51939
46366
50879
50757
52914
50977
56159
46807
52403
50335
56137
53096
53535
46742
45804
45704
50468
44266
43289
39507
32867
41400
48622
48006
59570
63483
73598
69830
75147
91858
83494
69721
67821
71253
82188
84303
87526
71891
63279
65470
75743
64271
61214
61096
68990
62566
57360
58292
61651
56673
60272
56252
58689
52455
56538
56687
58701
56406
61529
52486
57962
54974
60092
57643
58085
51556
51204
50491
55121
48589
47721
44734
39107
45942
52608
51449
61749
63902
72372
69397
73867
87239
80614
68438
67273
68919
77820
69729
72331
58955
52367
53465
62168
51742
49217
49355
55664
49983
46300
46376
49450
44390
47137
44252
46181
40817
44407
43866
45845
42941
46762
40174
44344
41548
45814
43329
44097
38123
37822
37559
40997
35700
35538
32753
29188
32972
37696
37129
44472
45659
52330
49789
53638
62236
57698
49482
48917
49763
56817
50583
53124
42562
37969
39215
45763
37874
36695
36344
41582
36500
33964
34466
36960
32904
35563
32992
35055
30151
32939
32984
34691
32187
35663
30319
34058
31022
34343
32934
33752
28925
29338
28679
31899
26955
26969
25304
22844
25335
29546
28653
34866
34812
40036
38552
41739
47964
45153
38416
38631
38331
43906
39561
41772
33269
30360
30862
36578
29500
28721
28885
33203
28879
27535
27461
30049
25905
28126
26540
28397
24167
26997
26565
28549
25600
28489
24681
27885
25101
28380
26790
28076
23247
23707
23608
26423
22079
22717
20902
19541
20577
24110
23816
29085
28676
33559
31891
35128
39251
37101
32034
32449
31841
37058
33029
35489
27522
25255
26100
31059
24833
24817
24481
28700
24135
23143
23509
25898
22063
24549
22747
24932
20406
22911
22975
24874
22013
25081
21386
24726
21392
24301
23378
24700
20213
21228
20667
23698
19005
19674
18539
17591
18101
21764
21035
26207
24883
29237
28225
31265
34479
33250
28377
29371
27873
32561
29476
31861
24516
23155
23422
28408
21959
22070
22199
26149
21741
21488
21335
24078
19698
22030
20851
23021
18607
21466
21045
23368
19829
22704
19810
23034
19658
22902
21593
23410
18377
19417
19329
22300
17661
18889
17375
17130
16613
20076
19832
24786
23199
27818
26418
29840
31830
30832
26771
27917
26162
31127
27802
30643
22857
21716
22389
27255
20872
21597
21239
25556
20455
20339
20618
23416
18921
21736
20146
22814
17670
20490
20514
22936
19203
22551
19325
23011
18820
22031
21205
23162
17973
19587
19022
22491
17059
18357
17319
17300
16419
20379
19662
25075
22563
27163
26232
29782
31346
31007
26582
28326
25640
30619
27797
30808
22806
22309
22491
27899
20643
21478
21547
26030
20615
21121
20917
24311
18874
21789
20631
23506
18004
21434
20978
24018
19308
22780
19968
23886
19300
23147
21837
24430
18222
19968
19817
23544
17668
19600
18066
18664
16786
20930
20621
26357
23420
28740
27316
31574
32206
31990
27879
29898
26765
32514
29138
32870
23641
23251
23862
29682
21791
23278
22871
28152
21545
22192
22400
26162
20109
23775
22085
25716
18972
22690
22632
26049
20716
24993
21552
26306
20485
24672
23709
26678
19719
22191
21551
26133
18903
21079
19863
20719
18331
23380
22570
29335
25212
31045
29944
34750
35062
35461
30561
33367
29013
35356
32135
36407
26033
26233
26420
33372
23814
25556
25535
31520
23932
25261
25012
29754
22145
26287
24855
29069
21274
25987
25446
29839
22976
27823
24441
29927
23103
28367
26823
30746
22033
24904
24613
29945
21501
24550
22711
24290
20636
26415
25929
33751
28744
35933
34224
40272
39659
40245
35141
38547
33250
41067
36949
42431
29680
30034
30672
38819
27554
30165
29668
37136
27484
29130
29269
34935
25828
31210
29089
34565
24613
30170
29971
35271
26966
33198
28809
35793
26905
33141
31775
36565
26052
30020
29205
36054
25219
28905
27178
29249
24590
31991
30947
40766
33910
42502
40925
48291
47207
48539
42046
46710
39476
48875
44431
51176
35667
36717
37007
47343
32952
36195
36031
45187
33278
35876
35572
42996
31100
37691
35572
42391
30041
37362
36653
43682
32682
40345
35466
44155
33015
41209
39083
45535
31786
36741
36179
44758
31173
36301
33718
36879
30205
39397
38549
50829
42050
53246
50848
60559
58271
60061
52495
58499
49202
61471
55516
64520
44336
45775
46573
59660
41400
46072
45404
57459
41640
45018
45074
54599
39345
48237
45117
54311
37839
47173
46719
55806
41587
51885
45267
56878
41840
52339
50089
58505
40712
47634
46456
57999
39760
46420
43566
47830
38949
51319
49775
66124
53935
68422
65800
78512
75235
78193
68022
76403
63484
79451
72230
84111
57693
60199
60776
78374
53765
59967
59545
75454
54542
59580
59198
72256
51415
63161
59534
71798
49902
62762
61713
74276
54673
68338
60093
75609
55472
69944
66530
78283
53850
63137
62027
77547
53052
62518
58279
64583
51833
68416
66813
88827
72255
92223
88293
105933
100633
104764
91631
103122
85485
107564
97396